(kicad_pcb (version 20171130) (host pcbnew 5.0.2-bee76a0~70~ubuntu18.04.1)

  (general
    (thickness 1.5)
    (drawings 46)
    (tracks 414)
    (zones 0)
    (modules 42)
    (nets 39)
  )

  (page A4)
  (title_block
    (title "Sportiduino Base Station")
    (date 2019-12-01)
    (rev 3)
  )

  (layers
    (0 F.Cu signal)
    (31 B.Cu signal)
    (32 B.Adhes user)
    (33 F.Adhes user)
    (34 B.Paste user)
    (35 F.Paste user)
    (36 B.SilkS user)
    (37 F.SilkS user)
    (38 B.Mask user)
    (39 F.Mask user)
    (40 Dwgs.User user)
    (41 Cmts.User user)
    (42 Eco1.User user)
    (43 Eco2.User user)
    (44 Edge.Cuts user)
    (45 Margin user)
    (46 B.CrtYd user)
    (47 F.CrtYd user)
    (48 B.Fab user)
    (49 F.Fab user hide)
  )

  (setup
    (last_trace_width 0.5)
    (user_trace_width 0.4)
    (trace_clearance 0.3)
    (zone_clearance 0.508)
    (zone_45_only no)
    (trace_min 0.3)
    (segment_width 0.2)
    (edge_width 0.15)
    (via_size 1.2)
    (via_drill 0.5)
    (via_min_size 1.2)
    (via_min_drill 0.3)
    (uvia_size 0.3)
    (uvia_drill 0.1)
    (uvias_allowed no)
    (uvia_min_size 0.3)
    (uvia_min_drill 0.1)
    (pcb_text_width 0.3)
    (pcb_text_size 1.5 1.5)
    (mod_edge_width 0.15)
    (mod_text_size 1 1)
    (mod_text_width 0.15)
    (pad_size 2.5 1.8)
    (pad_drill 0)
    (pad_to_mask_clearance 0.051)
    (solder_mask_min_width 0.25)
    (aux_axis_origin 126.365 114.3)
    (grid_origin 166.37 96.52)
    (visible_elements 7FFFFFFF)
    (pcbplotparams
      (layerselection 0x010c0_ffffffff)
      (usegerberextensions false)
      (usegerberattributes false)
      (usegerberadvancedattributes false)
      (creategerberjobfile true)
      (excludeedgelayer true)
      (linewidth 0.100000)
      (plotframeref false)
      (viasonmask false)
      (mode 1)
      (useauxorigin false)
      (hpglpennumber 1)
      (hpglpenspeed 20)
      (hpglpendiameter 15.000000)
      (psnegative false)
      (psa4output false)
      (plotreference false)
      (plotvalue false)
      (plotinvisibletext false)
      (padsonsilk false)
      (subtractmaskfromsilk false)
      (outputformat 1)
      (mirror false)
      (drillshape 0)
      (scaleselection 1)
      (outputdirectory "../prod/gerber/"))
  )

  (net 0 "")
  (net 1 "Net-(BZ1-Pad2)")
  (net 2 +BATT)
  (net 3 GNDD)
  (net 4 +3V3)
  (net 5 /PB2)
  (net 6 RST)
  (net 7 /PB1)
  (net 8 TX)
  (net 9 RX)
  (net 10 PD6)
  (net 11 /SDA)
  (net 12 /SCL)
  (net 13 "Net-(D2-Pad32)")
  (net 14 "Net-(R2-Pad1)")
  (net 15 "Net-(R4-Pad1)")
  (net 16 "Net-(C1-Pad2)")
  (net 17 "Net-(C6-Pad1)")
  (net 18 "Net-(C7-Pad1)")
  (net 19 "Net-(C8-Pad1)")
  (net 20 ADCEN)
  (net 21 ADCIN)
  (net 22 /BUZ)
  (net 23 /LED)
  (net 24 "Net-(D2-Pad7)")
  (net 25 "Net-(D2-Pad8)")
  (net 26 32K)
  (net 27 "Net-(D2-Pad11)")
  (net 28 PB3)
  (net 29 PB4)
  (net 30 PB5)
  (net 31 "Net-(D2-Pad19)")
  (net 32 "Net-(D2-Pad22)")
  (net 33 ALARM)
  (net 34 "Net-(JP1-Pad2)")
  (net 35 "Net-(JP3-Pad2)")
  (net 36 "Net-(VD2-Pad3)")
  (net 37 PC3)
  (net 38 /PB0)

  (net_class Default "Это класс цепей по умолчанию."
    (clearance 0.3)
    (trace_width 0.5)
    (via_dia 1.2)
    (via_drill 0.5)
    (uvia_dia 0.3)
    (uvia_drill 0.1)
    (diff_pair_gap 0.25)
    (diff_pair_width 0.3)
    (add_net /BUZ)
    (add_net /LED)
    (add_net /PB0)
    (add_net /PB1)
    (add_net /PB2)
    (add_net /SCL)
    (add_net /SDA)
    (add_net 32K)
    (add_net ADCEN)
    (add_net ADCIN)
    (add_net ALARM)
    (add_net "Net-(BZ1-Pad2)")
    (add_net "Net-(C1-Pad2)")
    (add_net "Net-(C6-Pad1)")
    (add_net "Net-(C7-Pad1)")
    (add_net "Net-(C8-Pad1)")
    (add_net "Net-(D2-Pad11)")
    (add_net "Net-(D2-Pad19)")
    (add_net "Net-(D2-Pad22)")
    (add_net "Net-(D2-Pad32)")
    (add_net "Net-(D2-Pad7)")
    (add_net "Net-(D2-Pad8)")
    (add_net "Net-(JP1-Pad2)")
    (add_net "Net-(JP3-Pad2)")
    (add_net "Net-(R2-Pad1)")
    (add_net "Net-(R4-Pad1)")
    (add_net "Net-(VD2-Pad3)")
    (add_net PB3)
    (add_net PB4)
    (add_net PB5)
    (add_net PC3)
    (add_net PD6)
    (add_net RST)
    (add_net RX)
    (add_net TX)
  )

  (net_class power ""
    (clearance 0.3)
    (trace_width 0.6)
    (via_dia 1.2)
    (via_drill 0.5)
    (uvia_dia 0.3)
    (uvia_drill 0.1)
    (diff_pair_gap 0.25)
    (diff_pair_width 0.3)
    (add_net +3V3)
    (add_net +BATT)
    (add_net GNDD)
  )

  (module TestPoint:TestPoint_THTPad_D1.5mm_Drill0.7mm (layer F.Cu) (tedit 5A0F774F) (tstamp 5DFEE519)
    (at 179.578 84.582)
    (descr "THT pad as test Point, diameter 1.5mm, hole diameter 0.7mm")
    (tags "test point THT pad")
    (path /5DF38C79)
    (attr virtual)
    (fp_text reference TP3 (at 0 -1.905) (layer F.SilkS)
      (effects (font (size 1 1) (thickness 0.15)))
    )
    (fp_text value TestPoint (at 0 1.75) (layer F.Fab)
      (effects (font (size 1 1) (thickness 0.15)))
    )
    (fp_text user %R (at 0 -1.65) (layer F.Fab)
      (effects (font (size 1 1) (thickness 0.15)))
    )
    (fp_circle (center 0 0) (end 1.25 0) (layer F.CrtYd) (width 0.05))
    (fp_circle (center 0 0) (end 0 0.95) (layer F.SilkS) (width 0.12))
    (pad 1 thru_hole circle (at 0 0) (size 1.5 1.5) (drill 0.7) (layers *.Cu *.Mask)
      (net 37 PC3))
  )

  (module Buzzer_Beeper:MagneticBuzzer_ProSignal_ABT-410-RC (layer F.Cu) (tedit 5A030281) (tstamp 5DFE1DD3)
    (at 132.715 97.155 270)
    (descr "Buzzer, Elektromagnetic Beeper, Summer, 1,5V-DC,")
    (tags "Pro Signal ABT-410-RC ")
    (path /5BE5F766)
    (fp_text reference BZ1 (at 3.25 -7 270) (layer F.SilkS)
      (effects (font (size 1 1) (thickness 0.15)))
    )
    (fp_text value TR1205Y (at 3.25 7 270) (layer F.Fab)
      (effects (font (size 1 1) (thickness 0.15)))
    )
    (fp_text user + (at 0 -1.8 270) (layer F.Fab)
      (effects (font (size 1 1) (thickness 0.15)))
    )
    (fp_circle (center 3.25 0) (end 9.5 0) (layer F.CrtYd) (width 0.05))
    (fp_circle (center 3.25 0) (end 9.35 0) (layer F.SilkS) (width 0.12))
    (fp_text user + (at 0 -1.8 270) (layer F.SilkS)
      (effects (font (size 1 1) (thickness 0.15)))
    )
    (fp_text user %R (at 3.25 -7 270) (layer F.Fab)
      (effects (font (size 1 1) (thickness 0.15)))
    )
    (fp_circle (center 3.25 0) (end 4.4 0) (layer F.Fab) (width 0.1))
    (fp_circle (center 3.25 0) (end 9.25 0) (layer F.Fab) (width 0.1))
    (pad 1 thru_hole rect (at 0 0 270) (size 1.6 1.6) (drill 1) (layers *.Cu *.Mask)
      (net 2 +BATT))
    (pad 2 thru_hole circle (at 6.5 0 270) (size 1.6 1.6) (drill 1) (layers *.Cu *.Mask)
      (net 1 "Net-(BZ1-Pad2)"))
    (model ${KISYS3DMOD}/Buzzer_Beeper.3dshapes/MagneticBuzzer_ProSignal_ABT-410-RC.wrl
      (at (xyz 0 0 0))
      (scale (xyz 1 1 1))
      (rotate (xyz 0 0 0))
    )
  )

  (module Button_Switch_THT:SW_reed (layer F.Cu) (tedit 5DF0F62C) (tstamp 5DFDDC99)
    (at 167.005 112.395 180)
    (path /5DF529B4)
    (fp_text reference SW1 (at 0 2.54 180) (layer F.SilkS)
      (effects (font (size 1 1) (thickness 0.15)))
    )
    (fp_text value SW_Reed (at 0 -2.54 180) (layer F.Fab)
      (effects (font (size 1 1) (thickness 0.15)))
    )
    (fp_line (start -7.62 1.27) (end -7.62 -1.27) (layer F.SilkS) (width 0.15))
    (fp_line (start 7.62 1.27) (end -7.62 1.27) (layer F.SilkS) (width 0.15))
    (fp_line (start 7.62 -1.27) (end 7.62 1.27) (layer F.SilkS) (width 0.15))
    (fp_line (start -7.62 -1.27) (end 7.62 -1.27) (layer F.SilkS) (width 0.15))
    (pad 2 thru_hole circle (at 8.89 0 180) (size 1.7272 1.7272) (drill 1.016) (layers *.Cu *.Mask)
      (net 3 GNDD))
    (pad 1 thru_hole circle (at -8.89 0 180) (size 1.7272 1.7272) (drill 1.016) (layers *.Cu *.Mask)
      (net 27 "Net-(D2-Pad11)"))
  )

  (module Capacitor_SMD:C_0805_2012Metric_Pad1.15x1.40mm_HandSolder (layer F.Cu) (tedit 5B36C52B) (tstamp 5DF01F27)
    (at 130.556 82.55 180)
    (descr "Capacitor SMD 0805 (2012 Metric), square (rectangular) end terminal, IPC_7351 nominal with elongated pad for handsoldering. (Body size source: https://docs.google.com/spreadsheets/d/1BsfQQcO9C6DZCsRaXUlFlo91Tg2WpOkGARC1WS5S8t0/edit?usp=sharing), generated with kicad-footprint-generator")
    (tags "capacitor handsolder")
    (path /5BE42D9E)
    (attr smd)
    (fp_text reference C2 (at -3.048 0.254 180) (layer F.SilkS)
      (effects (font (size 1 1) (thickness 0.15)))
    )
    (fp_text value "4.7 uF" (at 0 1.65 180) (layer F.Fab)
      (effects (font (size 1 1) (thickness 0.15)))
    )
    (fp_line (start -1 0.6) (end -1 -0.6) (layer F.Fab) (width 0.1))
    (fp_line (start -1 -0.6) (end 1 -0.6) (layer F.Fab) (width 0.1))
    (fp_line (start 1 -0.6) (end 1 0.6) (layer F.Fab) (width 0.1))
    (fp_line (start 1 0.6) (end -1 0.6) (layer F.Fab) (width 0.1))
    (fp_line (start -0.261252 -0.71) (end 0.261252 -0.71) (layer F.SilkS) (width 0.12))
    (fp_line (start -0.261252 0.71) (end 0.261252 0.71) (layer F.SilkS) (width 0.12))
    (fp_line (start -1.85 0.95) (end -1.85 -0.95) (layer F.CrtYd) (width 0.05))
    (fp_line (start -1.85 -0.95) (end 1.85 -0.95) (layer F.CrtYd) (width 0.05))
    (fp_line (start 1.85 -0.95) (end 1.85 0.95) (layer F.CrtYd) (width 0.05))
    (fp_line (start 1.85 0.95) (end -1.85 0.95) (layer F.CrtYd) (width 0.05))
    (fp_text user %R (at 0 0 180) (layer F.Fab)
      (effects (font (size 0.5 0.5) (thickness 0.08)))
    )
    (pad 1 smd roundrect (at -1.025 0 180) (size 1.15 1.4) (layers F.Cu F.Paste F.Mask) (roundrect_rratio 0.217391)
      (net 2 +BATT))
    (pad 2 smd roundrect (at 1.025 0 180) (size 1.15 1.4) (layers F.Cu F.Paste F.Mask) (roundrect_rratio 0.217391)
      (net 3 GNDD))
    (model ${KISYS3DMOD}/Capacitor_SMD.3dshapes/C_0805_2012Metric.wrl
      (at (xyz 0 0 0))
      (scale (xyz 1 1 1))
      (rotate (xyz 0 0 0))
    )
  )

  (module Capacitor_SMD:C_0805_2012Metric_Pad1.15x1.40mm_HandSolder (layer F.Cu) (tedit 5B36C52B) (tstamp 5DF01EF7)
    (at 130.547 91.44 180)
    (descr "Capacitor SMD 0805 (2012 Metric), square (rectangular) end terminal, IPC_7351 nominal with elongated pad for handsoldering. (Body size source: https://docs.google.com/spreadsheets/d/1BsfQQcO9C6DZCsRaXUlFlo91Tg2WpOkGARC1WS5S8t0/edit?usp=sharing), generated with kicad-footprint-generator")
    (tags "capacitor handsolder")
    (path /5BE42E09)
    (attr smd)
    (fp_text reference C3 (at -3.057 0) (layer F.SilkS)
      (effects (font (size 1 1) (thickness 0.15)))
    )
    (fp_text value "4.7 uF" (at 0 1.65 180) (layer F.Fab)
      (effects (font (size 1 1) (thickness 0.15)))
    )
    (fp_text user %R (at 0 0 180) (layer F.Fab)
      (effects (font (size 0.5 0.5) (thickness 0.08)))
    )
    (fp_line (start 1.85 0.95) (end -1.85 0.95) (layer F.CrtYd) (width 0.05))
    (fp_line (start 1.85 -0.95) (end 1.85 0.95) (layer F.CrtYd) (width 0.05))
    (fp_line (start -1.85 -0.95) (end 1.85 -0.95) (layer F.CrtYd) (width 0.05))
    (fp_line (start -1.85 0.95) (end -1.85 -0.95) (layer F.CrtYd) (width 0.05))
    (fp_line (start -0.261252 0.71) (end 0.261252 0.71) (layer F.SilkS) (width 0.12))
    (fp_line (start -0.261252 -0.71) (end 0.261252 -0.71) (layer F.SilkS) (width 0.12))
    (fp_line (start 1 0.6) (end -1 0.6) (layer F.Fab) (width 0.1))
    (fp_line (start 1 -0.6) (end 1 0.6) (layer F.Fab) (width 0.1))
    (fp_line (start -1 -0.6) (end 1 -0.6) (layer F.Fab) (width 0.1))
    (fp_line (start -1 0.6) (end -1 -0.6) (layer F.Fab) (width 0.1))
    (pad 2 smd roundrect (at 1.025 0 180) (size 1.15 1.4) (layers F.Cu F.Paste F.Mask) (roundrect_rratio 0.217391)
      (net 3 GNDD))
    (pad 1 smd roundrect (at -1.025 0 180) (size 1.15 1.4) (layers F.Cu F.Paste F.Mask) (roundrect_rratio 0.217391)
      (net 4 +3V3))
    (model ${KISYS3DMOD}/Capacitor_SMD.3dshapes/C_0805_2012Metric.wrl
      (at (xyz 0 0 0))
      (scale (xyz 1 1 1))
      (rotate (xyz 0 0 0))
    )
  )

  (module Capacitor_SMD:C_0805_2012Metric_Pad1.15x1.40mm_HandSolder (layer F.Cu) (tedit 5C03D831) (tstamp 5DF01EC7)
    (at 172.221 99.06 180)
    (descr "Capacitor SMD 0805 (2012 Metric), square (rectangular) end terminal, IPC_7351 nominal with elongated pad for handsoldering. (Body size source: https://docs.google.com/spreadsheets/d/1BsfQQcO9C6DZCsRaXUlFlo91Tg2WpOkGARC1WS5S8t0/edit?usp=sharing), generated with kicad-footprint-generator")
    (tags "capacitor handsolder")
    (path /5BE7CE78)
    (attr smd)
    (fp_text reference C4 (at 0.118 2.032) (layer F.SilkS)
      (effects (font (size 1 1) (thickness 0.15)))
    )
    (fp_text value "100 nF" (at 0 1.65 180) (layer F.Fab)
      (effects (font (size 1 1) (thickness 0.15)))
    )
    (fp_line (start -1 0.6) (end -1 -0.6) (layer F.Fab) (width 0.1))
    (fp_line (start -1 -0.6) (end 1 -0.6) (layer F.Fab) (width 0.1))
    (fp_line (start 1 -0.6) (end 1 0.6) (layer F.Fab) (width 0.1))
    (fp_line (start 1 0.6) (end -1 0.6) (layer F.Fab) (width 0.1))
    (fp_line (start -0.261252 -0.71) (end 0.261252 -0.71) (layer F.SilkS) (width 0.12))
    (fp_line (start -0.261252 0.71) (end 0.261252 0.71) (layer F.SilkS) (width 0.12))
    (fp_line (start -1.85 0.95) (end -1.85 -0.95) (layer F.CrtYd) (width 0.05))
    (fp_line (start -1.85 -0.95) (end 1.85 -0.95) (layer F.CrtYd) (width 0.05))
    (fp_line (start 1.85 -0.95) (end 1.85 0.95) (layer F.CrtYd) (width 0.05))
    (fp_line (start 1.85 0.95) (end -1.85 0.95) (layer F.CrtYd) (width 0.05))
    (fp_text user %R (at 0 0 180) (layer F.Fab)
      (effects (font (size 0.5 0.5) (thickness 0.08)))
    )
    (pad 1 smd roundrect (at -1.025 0 180) (size 1.15 1.4) (layers F.Cu F.Paste F.Mask) (roundrect_rratio 0.217391)
      (net 4 +3V3))
    (pad 2 smd roundrect (at 1.025 0 180) (size 1.15 1.4) (layers F.Cu F.Paste F.Mask) (roundrect_rratio 0.217391)
      (net 3 GNDD))
    (model ${KISYS3DMOD}/Capacitor_SMD.3dshapes/C_0805_2012Metric.wrl
      (at (xyz 0 0 0))
      (scale (xyz 1 1 1))
      (rotate (xyz 0 0 0))
    )
  )

  (module Capacitor_SMD:C_0805_2012Metric_Pad1.15x1.40mm_HandSolder (layer F.Cu) (tedit 5B36C52B) (tstamp 5DF01E97)
    (at 187.833 89.916)
    (descr "Capacitor SMD 0805 (2012 Metric), square (rectangular) end terminal, IPC_7351 nominal with elongated pad for handsoldering. (Body size source: https://docs.google.com/spreadsheets/d/1BsfQQcO9C6DZCsRaXUlFlo91Tg2WpOkGARC1WS5S8t0/edit?usp=sharing), generated with kicad-footprint-generator")
    (tags "capacitor handsolder")
    (path /5BE7C1F3)
    (attr smd)
    (fp_text reference C5 (at 0 1.905 90) (layer F.SilkS)
      (effects (font (size 1 1) (thickness 0.15)))
    )
    (fp_text value "100 nF" (at 0 1.65) (layer F.Fab)
      (effects (font (size 1 1) (thickness 0.15)))
    )
    (fp_text user %R (at 0 0) (layer F.Fab)
      (effects (font (size 0.5 0.5) (thickness 0.08)))
    )
    (fp_line (start 1.85 0.95) (end -1.85 0.95) (layer F.CrtYd) (width 0.05))
    (fp_line (start 1.85 -0.95) (end 1.85 0.95) (layer F.CrtYd) (width 0.05))
    (fp_line (start -1.85 -0.95) (end 1.85 -0.95) (layer F.CrtYd) (width 0.05))
    (fp_line (start -1.85 0.95) (end -1.85 -0.95) (layer F.CrtYd) (width 0.05))
    (fp_line (start -0.261252 0.71) (end 0.261252 0.71) (layer F.SilkS) (width 0.12))
    (fp_line (start -0.261252 -0.71) (end 0.261252 -0.71) (layer F.SilkS) (width 0.12))
    (fp_line (start 1 0.6) (end -1 0.6) (layer F.Fab) (width 0.1))
    (fp_line (start 1 -0.6) (end 1 0.6) (layer F.Fab) (width 0.1))
    (fp_line (start -1 -0.6) (end 1 -0.6) (layer F.Fab) (width 0.1))
    (fp_line (start -1 0.6) (end -1 -0.6) (layer F.Fab) (width 0.1))
    (pad 2 smd roundrect (at 1.025 0) (size 1.15 1.4) (layers F.Cu F.Paste F.Mask) (roundrect_rratio 0.217391)
      (net 3 GNDD))
    (pad 1 smd roundrect (at -1.025 0) (size 1.15 1.4) (layers F.Cu F.Paste F.Mask) (roundrect_rratio 0.217391)
      (net 4 +3V3))
    (model ${KISYS3DMOD}/Capacitor_SMD.3dshapes/C_0805_2012Metric.wrl
      (at (xyz 0 0 0))
      (scale (xyz 1 1 1))
      (rotate (xyz 0 0 0))
    )
  )

  (module Capacitor_SMD:C_0805_2012Metric_Pad1.15x1.40mm_HandSolder (layer F.Cu) (tedit 5B36C52B) (tstamp 5DFEE111)
    (at 183.642 87.884 90)
    (descr "Capacitor SMD 0805 (2012 Metric), square (rectangular) end terminal, IPC_7351 nominal with elongated pad for handsoldering. (Body size source: https://docs.google.com/spreadsheets/d/1BsfQQcO9C6DZCsRaXUlFlo91Tg2WpOkGARC1WS5S8t0/edit?usp=sharing), generated with kicad-footprint-generator")
    (tags "capacitor handsolder")
    (path /5BE71484)
    (attr smd)
    (fp_text reference C6 (at 0.9906 2.3114 180) (layer F.SilkS)
      (effects (font (size 1 1) (thickness 0.15)))
    )
    (fp_text value "100 nF" (at 0 1.65 90) (layer F.Fab)
      (effects (font (size 1 1) (thickness 0.15)))
    )
    (fp_line (start -1 0.6) (end -1 -0.6) (layer F.Fab) (width 0.1))
    (fp_line (start -1 -0.6) (end 1 -0.6) (layer F.Fab) (width 0.1))
    (fp_line (start 1 -0.6) (end 1 0.6) (layer F.Fab) (width 0.1))
    (fp_line (start 1 0.6) (end -1 0.6) (layer F.Fab) (width 0.1))
    (fp_line (start -0.261252 -0.71) (end 0.261252 -0.71) (layer F.SilkS) (width 0.12))
    (fp_line (start -0.261252 0.71) (end 0.261252 0.71) (layer F.SilkS) (width 0.12))
    (fp_line (start -1.85 0.95) (end -1.85 -0.95) (layer F.CrtYd) (width 0.05))
    (fp_line (start -1.85 -0.95) (end 1.85 -0.95) (layer F.CrtYd) (width 0.05))
    (fp_line (start 1.85 -0.95) (end 1.85 0.95) (layer F.CrtYd) (width 0.05))
    (fp_line (start 1.85 0.95) (end -1.85 0.95) (layer F.CrtYd) (width 0.05))
    (fp_text user %R (at 0 0 90) (layer F.Fab)
      (effects (font (size 0.5 0.5) (thickness 0.08)))
    )
    (pad 1 smd roundrect (at -1.025 0 90) (size 1.15 1.4) (layers F.Cu F.Paste F.Mask) (roundrect_rratio 0.217391)
      (net 17 "Net-(C6-Pad1)"))
    (pad 2 smd roundrect (at 1.025 0 90) (size 1.15 1.4) (layers F.Cu F.Paste F.Mask) (roundrect_rratio 0.217391)
      (net 3 GNDD))
    (model ${KISYS3DMOD}/Capacitor_SMD.3dshapes/C_0805_2012Metric.wrl
      (at (xyz 0 0 0))
      (scale (xyz 1 1 1))
      (rotate (xyz 0 0 0))
    )
  )

  (module Capacitor_SMD:C_0805_2012Metric_Pad1.15x1.40mm_HandSolder (layer F.Cu) (tedit 5B36C52B) (tstamp 5DF01E37)
    (at 175.26 75.683 90)
    (descr "Capacitor SMD 0805 (2012 Metric), square (rectangular) end terminal, IPC_7351 nominal with elongated pad for handsoldering. (Body size source: https://docs.google.com/spreadsheets/d/1BsfQQcO9C6DZCsRaXUlFlo91Tg2WpOkGARC1WS5S8t0/edit?usp=sharing), generated with kicad-footprint-generator")
    (tags "capacitor handsolder")
    (path /5C2396EF)
    (attr smd)
    (fp_text reference C9 (at 2.921 0 -90) (layer F.SilkS)
      (effects (font (size 1 1) (thickness 0.15)))
    )
    (fp_text value "100 nF" (at 0 1.65 90) (layer F.Fab)
      (effects (font (size 1 1) (thickness 0.15)))
    )
    (fp_text user %R (at 0 0 90) (layer F.Fab)
      (effects (font (size 0.5 0.5) (thickness 0.08)))
    )
    (fp_line (start 1.85 0.95) (end -1.85 0.95) (layer F.CrtYd) (width 0.05))
    (fp_line (start 1.85 -0.95) (end 1.85 0.95) (layer F.CrtYd) (width 0.05))
    (fp_line (start -1.85 -0.95) (end 1.85 -0.95) (layer F.CrtYd) (width 0.05))
    (fp_line (start -1.85 0.95) (end -1.85 -0.95) (layer F.CrtYd) (width 0.05))
    (fp_line (start -0.261252 0.71) (end 0.261252 0.71) (layer F.SilkS) (width 0.12))
    (fp_line (start -0.261252 -0.71) (end 0.261252 -0.71) (layer F.SilkS) (width 0.12))
    (fp_line (start 1 0.6) (end -1 0.6) (layer F.Fab) (width 0.1))
    (fp_line (start 1 -0.6) (end 1 0.6) (layer F.Fab) (width 0.1))
    (fp_line (start -1 -0.6) (end 1 -0.6) (layer F.Fab) (width 0.1))
    (fp_line (start -1 0.6) (end -1 -0.6) (layer F.Fab) (width 0.1))
    (pad 2 smd roundrect (at 1.025 0 90) (size 1.15 1.4) (layers F.Cu F.Paste F.Mask) (roundrect_rratio 0.217391)
      (net 3 GNDD))
    (pad 1 smd roundrect (at -1.025 0 90) (size 1.15 1.4) (layers F.Cu F.Paste F.Mask) (roundrect_rratio 0.217391)
      (net 4 +3V3))
    (model ${KISYS3DMOD}/Capacitor_SMD.3dshapes/C_0805_2012Metric.wrl
      (at (xyz 0 0 0))
      (scale (xyz 1 1 1))
      (rotate (xyz 0 0 0))
    )
  )

  (module Package_TO_SOT_SMD:SOT-23_Handsoldering (layer F.Cu) (tedit 5A0AB76C) (tstamp 5DF01DFF)
    (at 130.556 86.868 90)
    (descr "SOT-23, Handsoldering")
    (tags SOT-23)
    (path /5BE42948)
    (attr smd)
    (fp_text reference D1 (at -0.508 3.048 180) (layer F.SilkS)
      (effects (font (size 1 1) (thickness 0.15)))
    )
    (fp_text value MCP1700-3302E (at 0 2.5 90) (layer F.Fab)
      (effects (font (size 1 1) (thickness 0.15)))
    )
    (fp_text user %R (at 0 0 180) (layer F.Fab)
      (effects (font (size 0.5 0.5) (thickness 0.075)))
    )
    (fp_line (start 0.76 1.58) (end 0.76 0.65) (layer F.SilkS) (width 0.12))
    (fp_line (start 0.76 -1.58) (end 0.76 -0.65) (layer F.SilkS) (width 0.12))
    (fp_line (start -2.7 -1.75) (end 2.7 -1.75) (layer F.CrtYd) (width 0.05))
    (fp_line (start 2.7 -1.75) (end 2.7 1.75) (layer F.CrtYd) (width 0.05))
    (fp_line (start 2.7 1.75) (end -2.7 1.75) (layer F.CrtYd) (width 0.05))
    (fp_line (start -2.7 1.75) (end -2.7 -1.75) (layer F.CrtYd) (width 0.05))
    (fp_line (start 0.76 -1.58) (end -2.4 -1.58) (layer F.SilkS) (width 0.12))
    (fp_line (start -0.7 -0.95) (end -0.7 1.5) (layer F.Fab) (width 0.1))
    (fp_line (start -0.15 -1.52) (end 0.7 -1.52) (layer F.Fab) (width 0.1))
    (fp_line (start -0.7 -0.95) (end -0.15 -1.52) (layer F.Fab) (width 0.1))
    (fp_line (start 0.7 -1.52) (end 0.7 1.52) (layer F.Fab) (width 0.1))
    (fp_line (start -0.7 1.52) (end 0.7 1.52) (layer F.Fab) (width 0.1))
    (fp_line (start 0.76 1.58) (end -0.7 1.58) (layer F.SilkS) (width 0.12))
    (pad 1 smd rect (at -1.5 -0.95 90) (size 1.9 0.8) (layers F.Cu F.Paste F.Mask)
      (net 3 GNDD))
    (pad 2 smd rect (at -1.5 0.95 90) (size 1.9 0.8) (layers F.Cu F.Paste F.Mask)
      (net 4 +3V3))
    (pad 3 smd rect (at 1.5 0 90) (size 1.9 0.8) (layers F.Cu F.Paste F.Mask)
      (net 2 +BATT))
    (model ${KISYS3DMOD}/Package_TO_SOT_SMD.3dshapes/SOT-23.wrl
      (at (xyz 0 0 0))
      (scale (xyz 1 1 1))
      (rotate (xyz 0 0 0))
    )
  )

  (module Package_QFP:TQFP-32_7x7mm_P0.8mm (layer F.Cu) (tedit 5A02F146) (tstamp 5DF01D7F)
    (at 179.07 93.98 45)
    (descr "32-Lead Plastic Thin Quad Flatpack (PT) - 7x7x1.0 mm Body, 2.00 mm [TQFP] (see Microchip Packaging Specification 00000049BS.pdf)")
    (tags "QFP 0.8")
    (path /5BE4287E)
    (attr smd)
    (fp_text reference D2 (at 4.572 4.572 135) (layer F.SilkS)
      (effects (font (size 1 1) (thickness 0.15)))
    )
    (fp_text value ATmega328P-AU (at 0 6.05 45) (layer F.Fab)
      (effects (font (size 1 1) (thickness 0.15)))
    )
    (fp_text user %R (at 0 0 45) (layer F.Fab)
      (effects (font (size 1 1) (thickness 0.15)))
    )
    (fp_line (start -2.5 -3.5) (end 3.5 -3.5) (layer F.Fab) (width 0.15))
    (fp_line (start 3.5 -3.5) (end 3.5 3.5) (layer F.Fab) (width 0.15))
    (fp_line (start 3.5 3.5) (end -3.5 3.5) (layer F.Fab) (width 0.15))
    (fp_line (start -3.5 3.5) (end -3.5 -2.5) (layer F.Fab) (width 0.15))
    (fp_line (start -3.5 -2.5) (end -2.5 -3.5) (layer F.Fab) (width 0.15))
    (fp_line (start -5.3 -5.3) (end -5.3 5.3) (layer F.CrtYd) (width 0.05))
    (fp_line (start 5.3 -5.3) (end 5.3 5.3) (layer F.CrtYd) (width 0.05))
    (fp_line (start -5.3 -5.3) (end 5.3 -5.3) (layer F.CrtYd) (width 0.05))
    (fp_line (start -5.3 5.3) (end 5.3 5.3) (layer F.CrtYd) (width 0.05))
    (fp_line (start -3.625 -3.625) (end -3.625 -3.4) (layer F.SilkS) (width 0.15))
    (fp_line (start 3.625 -3.625) (end 3.625 -3.299999) (layer F.SilkS) (width 0.15))
    (fp_line (start 3.625 3.625) (end 3.625 3.299999) (layer F.SilkS) (width 0.15))
    (fp_line (start -3.625 3.625) (end -3.625 3.299999) (layer F.SilkS) (width 0.15))
    (fp_line (start -3.625 -3.625) (end -3.299999 -3.625) (layer F.SilkS) (width 0.15))
    (fp_line (start -3.625 3.625) (end -3.299999 3.625) (layer F.SilkS) (width 0.15))
    (fp_line (start 3.625 3.625) (end 3.299999 3.625) (layer F.SilkS) (width 0.15))
    (fp_line (start 3.625 -3.625) (end 3.299999 -3.625) (layer F.SilkS) (width 0.15))
    (fp_line (start -3.625 -3.4) (end -5.05 -3.4) (layer F.SilkS) (width 0.15))
    (pad 1 smd rect (at -4.25 -2.8 45) (size 1.6 0.55) (layers F.Cu F.Paste F.Mask)
      (net 22 /BUZ))
    (pad 2 smd rect (at -4.25 -2 45) (size 1.6 0.55) (layers F.Cu F.Paste F.Mask)
      (net 23 /LED))
    (pad 3 smd rect (at -4.25 -1.2 45) (size 1.6 0.55) (layers F.Cu F.Paste F.Mask)
      (net 3 GNDD))
    (pad 4 smd rect (at -4.25 -0.4 45) (size 1.6 0.55) (layers F.Cu F.Paste F.Mask)
      (net 4 +3V3))
    (pad 5 smd rect (at -4.25 0.4 45) (size 1.6 0.55) (layers F.Cu F.Paste F.Mask)
      (net 3 GNDD))
    (pad 6 smd rect (at -4.25 1.2 45) (size 1.6 0.55) (layers F.Cu F.Paste F.Mask)
      (net 4 +3V3))
    (pad 7 smd rect (at -4.25 2 45) (size 1.6 0.55) (layers F.Cu F.Paste F.Mask)
      (net 24 "Net-(D2-Pad7)"))
    (pad 8 smd rect (at -4.25 2.8 45) (size 1.6 0.55) (layers F.Cu F.Paste F.Mask)
      (net 25 "Net-(D2-Pad8)"))
    (pad 9 smd rect (at -2.8 4.25 135) (size 1.6 0.55) (layers F.Cu F.Paste F.Mask)
      (net 26 32K))
    (pad 10 smd rect (at -2 4.25 135) (size 1.6 0.55) (layers F.Cu F.Paste F.Mask)
      (net 10 PD6))
    (pad 11 smd rect (at -1.2 4.25 135) (size 1.6 0.55) (layers F.Cu F.Paste F.Mask)
      (net 27 "Net-(D2-Pad11)"))
    (pad 12 smd rect (at -0.4 4.25 135) (size 1.6 0.55) (layers F.Cu F.Paste F.Mask)
      (net 38 /PB0))
    (pad 13 smd rect (at 0.4 4.25 135) (size 1.6 0.55) (layers F.Cu F.Paste F.Mask)
      (net 7 /PB1))
    (pad 14 smd rect (at 1.2 4.25 135) (size 1.6 0.55) (layers F.Cu F.Paste F.Mask)
      (net 5 /PB2))
    (pad 15 smd rect (at 2 4.25 135) (size 1.6 0.55) (layers F.Cu F.Paste F.Mask)
      (net 28 PB3))
    (pad 16 smd rect (at 2.8 4.25 135) (size 1.6 0.55) (layers F.Cu F.Paste F.Mask)
      (net 29 PB4))
    (pad 17 smd rect (at 4.25 2.8 45) (size 1.6 0.55) (layers F.Cu F.Paste F.Mask)
      (net 30 PB5))
    (pad 18 smd rect (at 4.25 2 45) (size 1.6 0.55) (layers F.Cu F.Paste F.Mask)
      (net 4 +3V3))
    (pad 19 smd rect (at 4.25 1.2 45) (size 1.6 0.55) (layers F.Cu F.Paste F.Mask)
      (net 31 "Net-(D2-Pad19)"))
    (pad 20 smd rect (at 4.25 0.4 45) (size 1.6 0.55) (layers F.Cu F.Paste F.Mask)
      (net 17 "Net-(C6-Pad1)"))
    (pad 21 smd rect (at 4.25 -0.4 45) (size 1.6 0.55) (layers F.Cu F.Paste F.Mask)
      (net 3 GNDD))
    (pad 22 smd rect (at 4.25 -1.2 45) (size 1.6 0.55) (layers F.Cu F.Paste F.Mask)
      (net 32 "Net-(D2-Pad22)"))
    (pad 23 smd rect (at 4.25 -2 45) (size 1.6 0.55) (layers F.Cu F.Paste F.Mask)
      (net 21 ADCIN))
    (pad 24 smd rect (at 4.25 -2.8 45) (size 1.6 0.55) (layers F.Cu F.Paste F.Mask)
      (net 20 ADCEN))
    (pad 25 smd rect (at 2.8 -4.25 135) (size 1.6 0.55) (layers F.Cu F.Paste F.Mask)
      (net 33 ALARM))
    (pad 26 smd rect (at 2 -4.25 135) (size 1.6 0.55) (layers F.Cu F.Paste F.Mask)
      (net 37 PC3))
    (pad 27 smd rect (at 1.2 -4.25 135) (size 1.6 0.55) (layers F.Cu F.Paste F.Mask)
      (net 11 /SDA))
    (pad 28 smd rect (at 0.4 -4.25 135) (size 1.6 0.55) (layers F.Cu F.Paste F.Mask)
      (net 12 /SCL))
    (pad 29 smd rect (at -0.4 -4.25 135) (size 1.6 0.55) (layers F.Cu F.Paste F.Mask)
      (net 18 "Net-(C7-Pad1)"))
    (pad 30 smd rect (at -1.2 -4.25 135) (size 1.6 0.55) (layers F.Cu F.Paste F.Mask)
      (net 9 RX))
    (pad 31 smd rect (at -2 -4.25 135) (size 1.6 0.55) (layers F.Cu F.Paste F.Mask)
      (net 8 TX))
    (pad 32 smd rect (at -2.8 -4.25 135) (size 1.6 0.55) (layers F.Cu F.Paste F.Mask)
      (net 13 "Net-(D2-Pad32)"))
    (model ${KISYS3DMOD}/Package_QFP.3dshapes/TQFP-32_7x7mm_P0.8mm.wrl
      (at (xyz 0 0 0))
      (scale (xyz 1 1 1))
      (rotate (xyz 0 0 0))
    )
  )

  (module Package_SO:SOIC-16W_7.5x10.3mm_P1.27mm (layer F.Cu) (tedit 5A02F2D3) (tstamp 5DF01D01)
    (at 182.88 74.93 180)
    (descr "16-Lead Plastic Small Outline (SO) - Wide, 7.50 mm Body [SOIC] (see Microchip Packaging Specification 00000049BS.pdf)")
    (tags "SOIC 1.27")
    (path /5BE583D9)
    (attr smd)
    (fp_text reference D3 (at 0 -6.35) (layer F.SilkS)
      (effects (font (size 1 1) (thickness 0.15)))
    )
    (fp_text value DS3231SN (at 0 6.25 180) (layer F.Fab)
      (effects (font (size 1 1) (thickness 0.15)))
    )
    (fp_text user %R (at 0 0 180) (layer F.Fab)
      (effects (font (size 1 1) (thickness 0.15)))
    )
    (fp_line (start -2.75 -5.15) (end 3.75 -5.15) (layer F.Fab) (width 0.15))
    (fp_line (start 3.75 -5.15) (end 3.75 5.15) (layer F.Fab) (width 0.15))
    (fp_line (start 3.75 5.15) (end -3.75 5.15) (layer F.Fab) (width 0.15))
    (fp_line (start -3.75 5.15) (end -3.75 -4.15) (layer F.Fab) (width 0.15))
    (fp_line (start -3.75 -4.15) (end -2.75 -5.15) (layer F.Fab) (width 0.15))
    (fp_line (start -5.65 -5.5) (end -5.65 5.5) (layer F.CrtYd) (width 0.05))
    (fp_line (start 5.65 -5.5) (end 5.65 5.5) (layer F.CrtYd) (width 0.05))
    (fp_line (start -5.65 -5.5) (end 5.65 -5.5) (layer F.CrtYd) (width 0.05))
    (fp_line (start -5.65 5.5) (end 5.65 5.5) (layer F.CrtYd) (width 0.05))
    (fp_line (start -3.875 -5.325) (end -3.875 -5.05) (layer F.SilkS) (width 0.15))
    (fp_line (start 3.875 -5.325) (end 3.875 -4.97) (layer F.SilkS) (width 0.15))
    (fp_line (start 3.875 5.325) (end 3.875 4.97) (layer F.SilkS) (width 0.15))
    (fp_line (start -3.875 5.325) (end -3.875 4.97) (layer F.SilkS) (width 0.15))
    (fp_line (start -3.875 -5.325) (end 3.875 -5.325) (layer F.SilkS) (width 0.15))
    (fp_line (start -3.875 5.325) (end 3.875 5.325) (layer F.SilkS) (width 0.15))
    (fp_line (start -3.875 -5.05) (end -5.4 -5.05) (layer F.SilkS) (width 0.15))
    (pad 1 smd rect (at -4.65 -4.445 180) (size 1.5 0.6) (layers F.Cu F.Paste F.Mask)
      (net 26 32K))
    (pad 2 smd rect (at -4.65 -3.175 180) (size 1.5 0.6) (layers F.Cu F.Paste F.Mask)
      (net 19 "Net-(C8-Pad1)"))
    (pad 3 smd rect (at -4.65 -1.905 180) (size 1.5 0.6) (layers F.Cu F.Paste F.Mask)
      (net 33 ALARM))
    (pad 4 smd rect (at -4.65 -0.635 180) (size 1.5 0.6) (layers F.Cu F.Paste F.Mask)
      (net 13 "Net-(D2-Pad32)"))
    (pad 5 smd rect (at -4.65 0.635 180) (size 1.5 0.6) (layers F.Cu F.Paste F.Mask)
      (net 3 GNDD))
    (pad 6 smd rect (at -4.65 1.905 180) (size 1.5 0.6) (layers F.Cu F.Paste F.Mask)
      (net 3 GNDD))
    (pad 7 smd rect (at -4.65 3.175 180) (size 1.5 0.6) (layers F.Cu F.Paste F.Mask)
      (net 3 GNDD))
    (pad 8 smd rect (at -4.65 4.445 180) (size 1.5 0.6) (layers F.Cu F.Paste F.Mask)
      (net 3 GNDD))
    (pad 9 smd rect (at 4.65 4.445 180) (size 1.5 0.6) (layers F.Cu F.Paste F.Mask)
      (net 3 GNDD))
    (pad 10 smd rect (at 4.65 3.175 180) (size 1.5 0.6) (layers F.Cu F.Paste F.Mask)
      (net 3 GNDD))
    (pad 11 smd rect (at 4.65 1.905 180) (size 1.5 0.6) (layers F.Cu F.Paste F.Mask)
      (net 3 GNDD))
    (pad 12 smd rect (at 4.65 0.635 180) (size 1.5 0.6) (layers F.Cu F.Paste F.Mask)
      (net 3 GNDD))
    (pad 13 smd rect (at 4.65 -0.635 180) (size 1.5 0.6) (layers F.Cu F.Paste F.Mask)
      (net 3 GNDD))
    (pad 14 smd rect (at 4.65 -1.905 180) (size 1.5 0.6) (layers F.Cu F.Paste F.Mask)
      (net 4 +3V3))
    (pad 15 smd rect (at 4.65 -3.175 180) (size 1.5 0.6) (layers F.Cu F.Paste F.Mask)
      (net 11 /SDA))
    (pad 16 smd rect (at 4.65 -4.445 180) (size 1.5 0.6) (layers F.Cu F.Paste F.Mask)
      (net 12 /SCL))
    (model ${KISYS3DMOD}/Package_SO.3dshapes/SOIC-16W_7.5x10.3mm_P1.27mm.wrl
      (at (xyz 0 0 0))
      (scale (xyz 1 1 1))
      (rotate (xyz 0 0 0))
    )
  )

  (module Resistor_SMD:R_0805_2012Metric_Pad1.15x1.40mm_HandSolder (layer F.Cu) (tedit 5B36C52B) (tstamp 5DF01CBD)
    (at 168.647 90.297)
    (descr "Resistor SMD 0805 (2012 Metric), square (rectangular) end terminal, IPC_7351 nominal with elongated pad for handsoldering. (Body size source: https://docs.google.com/spreadsheets/d/1BsfQQcO9C6DZCsRaXUlFlo91Tg2WpOkGARC1WS5S8t0/edit?usp=sharing), generated with kicad-footprint-generator")
    (tags "resistor handsolder")
    (path /5BE6BA92)
    (attr smd)
    (fp_text reference R6 (at 3.048 -1.27) (layer F.SilkS)
      (effects (font (size 1 1) (thickness 0.15)))
    )
    (fp_text value 33K (at 0 1.65) (layer F.Fab)
      (effects (font (size 1 1) (thickness 0.15)))
    )
    (fp_text user %R (at 0 0) (layer F.Fab)
      (effects (font (size 0.5 0.5) (thickness 0.08)))
    )
    (fp_line (start 1.85 0.95) (end -1.85 0.95) (layer F.CrtYd) (width 0.05))
    (fp_line (start 1.85 -0.95) (end 1.85 0.95) (layer F.CrtYd) (width 0.05))
    (fp_line (start -1.85 -0.95) (end 1.85 -0.95) (layer F.CrtYd) (width 0.05))
    (fp_line (start -1.85 0.95) (end -1.85 -0.95) (layer F.CrtYd) (width 0.05))
    (fp_line (start -0.261252 0.71) (end 0.261252 0.71) (layer F.SilkS) (width 0.12))
    (fp_line (start -0.261252 -0.71) (end 0.261252 -0.71) (layer F.SilkS) (width 0.12))
    (fp_line (start 1 0.6) (end -1 0.6) (layer F.Fab) (width 0.1))
    (fp_line (start 1 -0.6) (end 1 0.6) (layer F.Fab) (width 0.1))
    (fp_line (start -1 -0.6) (end 1 -0.6) (layer F.Fab) (width 0.1))
    (fp_line (start -1 0.6) (end -1 -0.6) (layer F.Fab) (width 0.1))
    (pad 2 smd roundrect (at 1.025 0) (size 1.15 1.4) (layers F.Cu F.Paste F.Mask) (roundrect_rratio 0.217391)
      (net 18 "Net-(C7-Pad1)"))
    (pad 1 smd roundrect (at -1.025 0) (size 1.15 1.4) (layers F.Cu F.Paste F.Mask) (roundrect_rratio 0.217391)
      (net 4 +3V3))
    (model ${KISYS3DMOD}/Resistor_SMD.3dshapes/R_0805_2012Metric.wrl
      (at (xyz 0 0 0))
      (scale (xyz 1 1 1))
      (rotate (xyz 0 0 0))
    )
  )

  (module Resistor_SMD:R_0805_2012Metric_Pad1.15x1.40mm_HandSolder (layer F.Cu) (tedit 5C1694FE) (tstamp 5DF01C8D)
    (at 169.917 96.52)
    (descr "Resistor SMD 0805 (2012 Metric), square (rectangular) end terminal, IPC_7351 nominal with elongated pad for handsoldering. (Body size source: https://docs.google.com/spreadsheets/d/1BsfQQcO9C6DZCsRaXUlFlo91Tg2WpOkGARC1WS5S8t0/edit?usp=sharing), generated with kicad-footprint-generator")
    (tags "resistor handsolder")
    (path /5BE5CB0E)
    (attr smd)
    (fp_text reference R2 (at -3.039 0) (layer F.SilkS)
      (effects (font (size 1 1) (thickness 0.15)))
    )
    (fp_text value 100 (at 0 1.65) (layer F.Fab)
      (effects (font (size 1 1) (thickness 0.15)))
    )
    (fp_line (start -1 0.6) (end -1 -0.6) (layer F.Fab) (width 0.1))
    (fp_line (start -1 -0.6) (end 1 -0.6) (layer F.Fab) (width 0.1))
    (fp_line (start 1 -0.6) (end 1 0.6) (layer F.Fab) (width 0.1))
    (fp_line (start 1 0.6) (end -1 0.6) (layer F.Fab) (width 0.1))
    (fp_line (start -0.261252 -0.71) (end 0.261252 -0.71) (layer F.SilkS) (width 0.12))
    (fp_line (start -0.261252 0.71) (end 0.261252 0.71) (layer F.SilkS) (width 0.12))
    (fp_line (start -1.85 0.95) (end -1.85 -0.95) (layer F.CrtYd) (width 0.05))
    (fp_line (start -1.85 -0.95) (end 1.85 -0.95) (layer F.CrtYd) (width 0.05))
    (fp_line (start 1.85 -0.95) (end 1.85 0.95) (layer F.CrtYd) (width 0.05))
    (fp_line (start 1.85 0.95) (end -1.85 0.95) (layer F.CrtYd) (width 0.05))
    (fp_text user %R (at 0 0) (layer F.Fab)
      (effects (font (size 0.5 0.5) (thickness 0.08)))
    )
    (pad 1 smd roundrect (at -1.025 0) (size 1.15 1.4) (layers F.Cu F.Paste F.Mask) (roundrect_rratio 0.217391)
      (net 14 "Net-(R2-Pad1)"))
    (pad 2 smd roundrect (at 1.025 0) (size 1.15 1.4) (layers F.Cu F.Paste F.Mask) (roundrect_rratio 0.217391)
      (net 23 /LED))
    (model ${KISYS3DMOD}/Resistor_SMD.3dshapes/R_0805_2012Metric.wrl
      (at (xyz 0 0 0))
      (scale (xyz 1 1 1))
      (rotate (xyz 0 0 0))
    )
  )

  (module Resistor_SMD:R_0805_2012Metric_Pad1.15x1.40mm_HandSolder (layer F.Cu) (tedit 5B36C52B) (tstamp 5DF01C5D)
    (at 170.697 78.486)
    (descr "Resistor SMD 0805 (2012 Metric), square (rectangular) end terminal, IPC_7351 nominal with elongated pad for handsoldering. (Body size source: https://docs.google.com/spreadsheets/d/1BsfQQcO9C6DZCsRaXUlFlo91Tg2WpOkGARC1WS5S8t0/edit?usp=sharing), generated with kicad-footprint-generator")
    (tags "resistor handsolder")
    (path /5BE590B1)
    (attr smd)
    (fp_text reference R1 (at 3.048 -1.27) (layer F.SilkS)
      (effects (font (size 1 1) (thickness 0.15)))
    )
    (fp_text value 10K (at 0 1.65) (layer F.Fab)
      (effects (font (size 1 1) (thickness 0.15)))
    )
    (fp_line (start -1 0.6) (end -1 -0.6) (layer F.Fab) (width 0.1))
    (fp_line (start -1 -0.6) (end 1 -0.6) (layer F.Fab) (width 0.1))
    (fp_line (start 1 -0.6) (end 1 0.6) (layer F.Fab) (width 0.1))
    (fp_line (start 1 0.6) (end -1 0.6) (layer F.Fab) (width 0.1))
    (fp_line (start -0.261252 -0.71) (end 0.261252 -0.71) (layer F.SilkS) (width 0.12))
    (fp_line (start -0.261252 0.71) (end 0.261252 0.71) (layer F.SilkS) (width 0.12))
    (fp_line (start -1.85 0.95) (end -1.85 -0.95) (layer F.CrtYd) (width 0.05))
    (fp_line (start -1.85 -0.95) (end 1.85 -0.95) (layer F.CrtYd) (width 0.05))
    (fp_line (start 1.85 -0.95) (end 1.85 0.95) (layer F.CrtYd) (width 0.05))
    (fp_line (start 1.85 0.95) (end -1.85 0.95) (layer F.CrtYd) (width 0.05))
    (fp_text user %R (at 0 0) (layer F.Fab)
      (effects (font (size 0.5 0.5) (thickness 0.08)))
    )
    (pad 1 smd roundrect (at -1.025 0) (size 1.15 1.4) (layers F.Cu F.Paste F.Mask) (roundrect_rratio 0.217391)
      (net 34 "Net-(JP1-Pad2)"))
    (pad 2 smd roundrect (at 1.025 0) (size 1.15 1.4) (layers F.Cu F.Paste F.Mask) (roundrect_rratio 0.217391)
      (net 12 /SCL))
    (model ${KISYS3DMOD}/Resistor_SMD.3dshapes/R_0805_2012Metric.wrl
      (at (xyz 0 0 0))
      (scale (xyz 1 1 1))
      (rotate (xyz 0 0 0))
    )
  )

  (module Resistor_SMD:R_0805_2012Metric_Pad1.15x1.40mm_HandSolder (layer F.Cu) (tedit 5B36C52B) (tstamp 5DF01C2D)
    (at 147.701 111.497 90)
    (descr "Resistor SMD 0805 (2012 Metric), square (rectangular) end terminal, IPC_7351 nominal with elongated pad for handsoldering. (Body size source: https://docs.google.com/spreadsheets/d/1BsfQQcO9C6DZCsRaXUlFlo91Tg2WpOkGARC1WS5S8t0/edit?usp=sharing), generated with kicad-footprint-generator")
    (tags "resistor handsolder")
    (path /5BE5F975)
    (attr smd)
    (fp_text reference R4 (at -1.007 -1.651 270) (layer F.SilkS)
      (effects (font (size 1 1) (thickness 0.15)))
    )
    (fp_text value 3K3 (at 0 1.65 90) (layer F.Fab)
      (effects (font (size 1 1) (thickness 0.15)))
    )
    (fp_line (start -1 0.6) (end -1 -0.6) (layer F.Fab) (width 0.1))
    (fp_line (start -1 -0.6) (end 1 -0.6) (layer F.Fab) (width 0.1))
    (fp_line (start 1 -0.6) (end 1 0.6) (layer F.Fab) (width 0.1))
    (fp_line (start 1 0.6) (end -1 0.6) (layer F.Fab) (width 0.1))
    (fp_line (start -0.261252 -0.71) (end 0.261252 -0.71) (layer F.SilkS) (width 0.12))
    (fp_line (start -0.261252 0.71) (end 0.261252 0.71) (layer F.SilkS) (width 0.12))
    (fp_line (start -1.85 0.95) (end -1.85 -0.95) (layer F.CrtYd) (width 0.05))
    (fp_line (start -1.85 -0.95) (end 1.85 -0.95) (layer F.CrtYd) (width 0.05))
    (fp_line (start 1.85 -0.95) (end 1.85 0.95) (layer F.CrtYd) (width 0.05))
    (fp_line (start 1.85 0.95) (end -1.85 0.95) (layer F.CrtYd) (width 0.05))
    (fp_text user %R (at 0 0 90) (layer F.Fab)
      (effects (font (size 0.5 0.5) (thickness 0.08)))
    )
    (pad 1 smd roundrect (at -1.025 0 90) (size 1.15 1.4) (layers F.Cu F.Paste F.Mask) (roundrect_rratio 0.217391)
      (net 15 "Net-(R4-Pad1)"))
    (pad 2 smd roundrect (at 1.025 0 90) (size 1.15 1.4) (layers F.Cu F.Paste F.Mask) (roundrect_rratio 0.217391)
      (net 22 /BUZ))
    (model ${KISYS3DMOD}/Resistor_SMD.3dshapes/R_0805_2012Metric.wrl
      (at (xyz 0 0 0))
      (scale (xyz 1 1 1))
      (rotate (xyz 0 0 0))
    )
  )

  (module Resistor_SMD:R_0805_2012Metric_Pad1.15x1.40mm_HandSolder (layer F.Cu) (tedit 5B36C52B) (tstamp 5DF01BFD)
    (at 144.399 111.497 270)
    (descr "Resistor SMD 0805 (2012 Metric), square (rectangular) end terminal, IPC_7351 nominal with elongated pad for handsoldering. (Body size source: https://docs.google.com/spreadsheets/d/1BsfQQcO9C6DZCsRaXUlFlo91Tg2WpOkGARC1WS5S8t0/edit?usp=sharing), generated with kicad-footprint-generator")
